$ANSIBLE_VAULT;1.1;AES256
36373361393136333333383036306337316339343030653537333164393139393031666138346664
3962376236343962373164323831626236303338383936320a636264613232343435643162336433
38316138303965616664366433393564366134316131376536343739623263323437326533373832
3433323233396534340a656666623762323361383461636638373466393330396365646132616338
36303530396632366535616538353934373832653263636664666433653130383631626265343339
66636464663037336531623732663961643531626238653836353464373835336465653036316435
61366135303962363031326631336532653765333234323364623534643537653563323637306139
39663038346436306334653934353964356333303464383134353730333730383761343134363830
65623062323531323236363830383666313763303938376135343763626137646536393831336461
33383731343538326137653265316262613333663736623133333161623463646234333031326530
33646330613262323930666663303035323366663934626162333861643765366434623766613732
65303939663633373337313836666262663466383331343337333035383539613937343964656366
62646431306335393663396265313266653261613735626133343164653830626235373938393735
65616365303439613032623836656639663933333634663961346466363239386439373936376638
35303731353530663838343163383139613439386238346361656532666339303230383435316336
37336638616466343663326231393464366535336632383336643839633261373462616565616165
65363231646633396161323936383962643538623663393562303231646538626563636133373439
31386461326564343730613066363766613930346437306666303539643334393165666439356266
64353639636562373563626535356437326337316233346531613431623766616162366262626134
33633934613661303935323264333037666661616333323861323834636464306333343466613731
31396132353731383937356631376232306632373863326230626164326661323664653230313138
30323764656136393138366538613236313764636234313762373833353731363036333663663263
32653130663238663666633234323364643363313962653636636632623063626138326566663137
64336236333730373538633934366164366266613862326139383733363831303830623763643062
64353238383064396466643638613637303161666433643464373936303438616562383162613337
62346330643231376332353664616136633339636236366136353334633366613433386434306634
39393536303333613935373764353332343933663932383132313730316137626633623331633762
34663038656135376364623736613864323361626133313133643662613438656331313266346431
61343131303939356461313033346264643766366662303738396163353565633136306534613438
66303934663933386332366262376139623739636564383032306536316430353864623430643438
30333365643863383262386465333964376633633931316131613637636165393036333334663539
36386333626238316361363233663734353262306364616634363337303932343338316339343865
63396162653239356431303066316566383833616336393030663433373732303935373965316230
65303032333963663135643234643435323465646334376562376432626337643338363166623434
66333330383964666532313535666266353336306534633633396338663463326664613565663539
64323764643138666363326132393537336666646263323833393566356666356266366638373430
63373264393830393733366164663437663435653432343435303630303732363965633233313233
64633735363532623965643336323464623765626464336662303164653934656462313037373139
35613366646338393065393565636466353033663136646531616535666135373438323534303139
66363865383831666236373036623633663939363731353765346565346436663130316262393239
39373833366234623061303764336363346232653231303638343366313135623532623263316232
61393736626231636534383731333330343734313663313865346134306230323566393765356337
38393831666538363938373962303163663635633964373033386664396532396239326636333630
61623535366530346632353038613132633130373437353436636463316536343537663938643065
33363133396530616366323430353338346333666631323865313865373361656637643961383134
66346363643562643338303835663238303031346634636337313432383332623362346530616333
39666234353234666333663137646361333937393131326562343431373665623666613036326630
32346435623236323035623266353565363636373866303737306532346665323536303134336130
33393438383436623463396432656263666136663839313239646265306430373865396234393437
38376639386532316663366232623231623335316165633864356531366430316632373764383862
66343465353739346161333866343534646664376633313232363938313631643739633935643837
32383464313532663536346235393432313333653835313765643532373431333133316562396135
6138
